382.336000
2501.162000
2437.461000
1452.736000
2373.568000
2208.704000
2022.912000
1330.218000
1828.522000
2903.338000
3099.072000
3454.869000
649.578000
1534.101000
1707.285000
1704.917000
1811.498000
1438.805000
796.736000
1577.557000
1551.104000
1964.800000
2166.784000
1805.034000
1010.368000
1176.384000
1786.666000
2041.066000
1239.466667
1346.069000
965.269000
1803.861000
2087.146000
1418.517000
1126.784000
1946.688000
1351.466667
890.517000
1558.698000
809.685000
1986.837000
3230.208000
248.789000
1337.386000
1733.909000
1056.000000
1517.525000
2162.901000
1186.624000
1298.282000
2015.786000
1033.685000
1061.120000
2208.341000
826.538000
1945.109000
928.298000
1255.893000
856.768000
1263.893000
1514.752000
2567.978000
979.050000
3861.333333
2815.893000
1511.146000
1361.536000
1145.322000
2438.400000
808.704000
767.616000
800.853000
1537.045000
1006.442000
1826.325000
1084.565000
1347.370000
3731.221000
2080.917000
5024.618000
1876.842000
2326.570000
2511.253000
